A =  [0.22200000286102295, 0.22300000488758087, 0.22200000286102295, 0.22200000286102295, 0.22200000286102295, 0.22200000286102295, 0.22200000286102295, 0.22100000083446503, 0.22599999606609344, 0.23000000417232513, 0.23000000417232513, 0.2280000001192093, 0.22499999403953552, 0.22499999403953552, 0.2240000069141388, 0.2240000069141388, 0.2240000069141388, 0.22699999809265137, 0.23000000417232513, 0.2329999953508377, 0.2329999953508377, 0.2370000034570694, 0.23800000548362732, 0.23600000143051147, 0.23499999940395355, 0.23499999940395355, 0.23499999940395355, 0.23399999737739563, 0.2329999953508377, 0.23499999940395355, 0.2370000034570694, 0.2370000034570694, 0.23800000548362732, 0.23800000548362732, 0.23800000548362732, 0.23499999940395355, 0.23399999737739563, 0.23499999940395355, 0.23499999940395355, 0.23499999940395355, 0.23800000548362732, 0.24199999868869781, 0.24300000071525574, 0.24199999868869781, 0.24199999868869781, 0.24300000071525574, 0.24300000071525574, 0.24300000071525574, 0.24199999868869781, 0.24199999868869781, 0.24300000071525574, 0.2409999966621399, 0.2409999966621399, 0.2409999966621399, 0.24300000071525574, 0.24300000071525574, 0.24199999868869781, 0.24300000071525574, 0.24199999868869781, 0.24199999868869781, 0.24199999868869781, 0.24199999868869781, 0.24400000274181366, 0.24400000274181366, 0.24300000071525574, 0.24300000071525574, 0.24300000071525574, 0.25200000405311584, 0.25999999046325684, 0.25999999046325684, 0.26100000739097595, 0.26100000739097595, 0.25999999046325684, 0.25999999046325684, 0.25999999046325684, 0.26100000739097595, 0.26100000739097595, 0.26100000739097595, 0.26100000739097595, 0.2680000066757202, 0.2680000066757202, 0.2759999930858612, 0.2759999930858612, 0.2770000100135803, 0.2759999930858612, 0.2750000059604645, 0.2750000059604645, 0.2750000059604645, 60.0, 60.0, 60.0, 60.0, 60.0, 60.0, 60.0, 60.0, 1.0959999561309814, 1.0959999561309814, 1.0959999561309814, 1.0959999561309814, 1.0959999561309814, 1.0880000591278076, 1.0809999704360962, 1.0779999494552612, 1.0740000009536743, 1.062000036239624, 1.0529999732971191, 1.0529999732971191, 1.0449999570846558, 1.0360000133514404, 1.027999997138977, 1.0210000276565552, 1.0149999856948853, 1.0099999904632568, 1.0099999904632568, 1.003000020980835, 0.9929999709129333, 0.9879999756813049, 0.9850000143051147, 0.9769999980926514, 0.9769999980926514, 0.968999981880188, 0.9649999737739563, 0.9639999866485596, 0.9599999785423279, 0.953000009059906, 0.9430000185966492, 0.9430000185966492, 0.9330000281333923, 0.9290000200271606, 0.9279999732971191, 0.9200000166893005, 0.9089999794960022, 0.9049999713897705, 0.9049999713897705, 0.9089999794960022, 0.9150000214576721, 0.9240000247955322, 0.9359999895095825, 0.9440000057220459, 0.9440000057220459, 0.9480000138282776, 0.9570000171661377, 0.9639999866485596, 0.9739999771118164, 0.9850000143051147, 0.9860000014305115, 0.9860000014305115, 0.9800000190734863, 0.9760000109672546, 0.9760000109672546, 0.9700000286102295, 0.9580000042915344, 0.9480000138282776, 0.9480000138282776, 0.9419999718666077, 0.9380000233650208, 0.9369999766349792, 0.9359999895095825, 0.9330000281333923, 0.9290000200271606, 0.9290000200271606, 0.921999990940094, 0.9129999876022339, 0.9089999794960022, 0.9089999794960022, 0.9110000133514404, 0.9120000004768372, 0.9120000004768372, 0.906000018119812, 0.8960000276565552, 0.890999972820282, 0.8859999775886536, 0.8799999952316284, 0.8809999823570251, 0.8809999823570251, 0.8830000162124634, 0.8830000162124634, 0.8830000162124634, 0.8840000033378601, 0.8790000081062317, 0.8690000176429749, 0.8690000176429749, 0.8640000224113464, 0.8659999966621399, 0.8619999885559082, 0.8529999852180481, 0.8479999899864197, 0.8479999899864197, 0.8479999899864197, 0.8489999771118164, 0.847000002861023, 0.8450000286102295, 0.8410000205039978, 0.8349999785423279, 0.8349999785423279, 0.8360000252723694, 0.8450000286102295, 0.859000027179718, 0.8539999723434448, 0.8389999866485596, 0.8389999866485596, 0.8389999866485596, 0.8339999914169312, 0.8349999785423279, 0.8389999866485596, 60.0, 0.9309999942779541, 0.9309999942779541, 0.9309999942779541, 0.9549999833106995, 0.9789999723434448, 0.9919999837875366, 1.0700000524520874, 1.0700000524520874, 1.0700000524520874, 1.0800000429153442, 60.0, 60.0, 60.0, 60.0, 2.4609999656677246, 2.4609999656677246, 2.4609999656677246, 2.4549999237060547, 2.4519999027252197, 2.4509999752044678, 2.4509999752044678, 2.4519999027252197, 2.4519999027252197, 2.4489998817443848, 2.444000005722046, 2.440999984741211, 2.440999984741211, 60.0, 60.0, 1.0509999990463257, 1.0509999990463257, 1.0509999990463257, 60.0, 60.0, 60.0, 60.0, 60.0, 60.0, 0.4059999883174896, 0.4059999883174896, 0.4059999883174896, 0.39100000262260437, 0.39100000262260437, 0.3779999911785126, 0.3779999911785126, 0.3779999911785126, 0.37400001287460327, 0.37299999594688416, 0.3720000088214874, 0.3720000088214874, 0.3709999918937683, 0.37400001287460327, 0.37599998712539673, 0.37400001287460327, 0.3720000088214874, 0.3720000088214874, 0.3720000088214874, 0.37299999594688416, 0.37400001287460327, 0.375, 0.37599998712539673, 0.3779999911785126, 0.3779999911785126, 0.3779999911785126, 0.3779999911785126, 0.3790000081062317, 0.3779999911785126, 0.375, 0.37599998712539673, 0.375, 0.375, 0.3720000088214874, 0.3720000088214874, 0.37299999594688416, 0.37299999594688416, 0.375, 0.375, 0.37700000405311584, 0.3779999911785126, 0.3790000081062317, 0.3790000081062317, 0.37700000405311584, 0.37599998712539673, 0.37599998712539673, 0.3779999911785126, 0.3799999952316284, 0.38999998569488525, 0.4009999930858612, 0.4009999930858612, 0.40400001406669617, 0.40400001406669617, 60.0, 60.0, 60.0, 60.0, 60.0, 2.553999900817871, 2.553999900817871, 2.553999900817871, 2.559999942779541, 2.563999891281128, 2.569999933242798, 2.5789999961853027, 2.5789999961853027, 2.5840001106262207, 2.5869998931884766, 2.5910000801086426, 2.5969998836517334, 2.6070001125335693, 2.615000009536743, 2.615000009536743, 2.625, 2.63100004196167, 2.6389999389648438, 2.6519999504089355, 2.6570000648498535, 2.6570000648498535, 2.6600000858306885, 2.6730000972747803, 2.683000087738037, 2.688999891281128, 2.697000026702881, 2.7070000171661377, 2.7070000171661377, 2.7149999141693115, 2.7230000495910645, 2.7330000400543213, 2.743000030517578, 2.750999927520752, 2.763000011444092, 2.763000011444092, 2.7790000438690186, 2.7909998893737793, 2.7990000247955322, 2.808000087738037, 2.816999912261963, 2.8239998817443848, 2.8239998817443848, 2.8380000591278076, 2.8570001125335693, 2.875999927520752, 2.8919999599456787, 2.9040000438690186, 2.9070000648498535, 2.9070000648498535, 60.0, 60.0, 60.0, 0.6190000176429749, 0.6190000176429749, 0.6190000176429749, 0.6190000176429749, 0.6200000047683716, 60.0, 60.0, 60.0, 3.071000099182129, 3.071000099182129, 3.071000099182129, 3.0929999351501465, 3.114000082015991, 3.125999927520752, 3.361999988555908, 3.361999988555908, 3.361999988555908, 3.4049999713897705, 3.4240000247955322, 60.0, 60.0, 60.0, 2.263000011444092, 2.263000011444092, 2.263000011444092, 2.247999906539917, 2.2300000190734863, 2.2100000381469727, 2.194000005722046, 2.180000066757202, 2.180000066757202, 2.1630001068115234, 2.1459999084472656, 2.131999969482422, 2.117000102996826, 2.1019999980926514, 2.0950000286102295, 2.0950000286102295, 1.8140000104904175, 1.8140000104904175, 1.8140000104904175, 1.7999999523162842, 1.7890000343322754, 60.0, 60.0, 60.0, 60.0, 60.0, 60.0, 60.0, 60.0, 60.0, 0.1850000023841858, 0.1850000023841858, 0.1850000023841858, 0.1850000023841858, 0.1860000044107437, 0.18799999356269836, 0.18799999356269836, 0.1899999976158142, 0.1889999955892563, 0.1860000044107437, 0.18299999833106995, 0.18299999833106995, 0.18199999630451202, 0.18199999630451202, 0.1809999942779541, 0.1809999942779541, 0.18299999833106995, 0.1850000023841858, 0.1860000044107437, 0.18700000643730164, 0.18700000643730164, 0.20600000023841858, 0.20600000023841858, 0.20600000023841858, 60.0, 60.0, 60.0, 60.0, 60.0, 